1.623801498093483995e-27
7.222923916705730195e-26
2.848196607505403888e-24
9.956431532302232914e-23
3.085419929832379826e-21
8.476209289251628790e-20
2.064267070460028951e-18
4.456633495004538602e-17
8.529523645397761357e-16
1.447169687186610039e-14
2.176661816596029234e-13
2.902279824214509137e-12
3.430555334200751201e-11
3.594731000638133717e-10
3.339221187389700159e-09
2.749798051016329144e-08
2.007396832041530434e-07
1.299099726092271790e-06
7.452956220011547231e-06
3.790456100372344459e-05
1.708957232293658094e-04
6.830425199618024796e-04
2.420143440922220644e-03
7.601709987491567580e-03
2.116695120310595202e-02
5.224950044436789398e-02
1.143359484178859548e-01
2.217993539419959581e-01
3.814297621929384485e-01
5.814946182144107301e-01
7.858753093050897531e-01
9.415392107234922259e-01
1.000000000000000000e+00
9.415392107234922259e-01
7.858753093050897531e-01
5.814946182144107301e-01
3.814297621929384485e-01
2.217993539419959581e-01
1.143359484178859548e-01
5.224950044436789398e-02
2.116695120310595202e-02
7.601709987491608346e-03
2.420143440922220644e-03
6.830425199618024796e-04
1.708957232293670291e-04
3.790456100372344459e-05
7.452956220011587041e-06
1.299099726092260355e-06
2.007396832041530434e-07
2.749798051016348666e-08
3.339221187389676171e-09
3.594731000638133717e-10
3.430555334200714366e-11
2.902279824214509137e-12
2.176661816596029234e-13
1.447169687186594578e-14
8.529523645397761357e-16
4.456633495004601464e-17
2.064267070460028951e-18
8.476209289251628790e-20
3.085419929832445654e-21
9.956431532302232914e-23
2.848196607505403888e-24
7.222923916705576370e-26
